111111111111111111111111111111
111100000000000000000000111111
101101110111101111111110111111
101101110111101100000000111111
100101110111101100111101111111
101101000111101111111101111111
101101010011101101000100000011
101101010111101101011101111011
100001110001101100001101111011
111101111111101111101101111011
111100000000001111101101111011
110110111111101111100001111011
110000111111000000001111111011
111111111111000111111111111011
111110000000000000000000000011
111110111111111100000111110111
111110111000111111111111110111
110000000000000000000000000001
110110111111111111111111110101
110110111111100000000111110001
110110111111101111100011110101
110110111000001111100000010101
110110111011101111111111110101
110110111011100000000000000101
110110111011111110111101110101
110110111011111110111101110101
110110111011111110111101110101
110110111011111110111111100001
110000000000000000000000000111
111111111111111111111111111111